overall
             profit  oracle_profit  ...  profit_ratio_day  predicted_spread
count    120.000000     120.000000  ...        120.000000        120.000000
mean    7400.235839   11567.743626  ...          0.646992          7.837408
std     6333.576664    7382.241223  ...          0.394979          3.931462
min   -12359.014911     922.594933  ...         -1.305383          1.344453
5%      -470.985190    3227.617407  ...         -0.124960          2.348474
10%      484.986841    4542.137507  ...          0.073485          2.753498
25%     3429.395918    7091.874310  ...          0.481026          5.054148
50%     7175.674562    9610.894110  ...          0.800262          7.526452
75%    10061.056810   14130.334351  ...          0.938880          9.945482
90%    13054.780018   22651.909966  ...          0.985522         12.927760
95%    18393.665896   25865.085263  ...          1.000000         14.229056
max    32636.445799   37794.009163  ...          1.000000         21.921587

[12 rows x 5 columns]

by_fold
               days   avg_profit    min_profit  loss_days  low_ratio_days    avg_oracle  avg_ratio  median_abs_charge_gap  median_abs_discharge_gap
fold                                                                                                                                               
valid_2025_09    28  9781.247288  -2141.228310          1               5  14361.025805   0.629603                   12.0                       3.5
valid_2025_10    31  7245.462506  -5933.239827          6               8  13921.994276   0.521412                    5.0                       7.0
valid_2025_11    30  6927.470438     38.004549          0               1   8007.921682   0.815819                    7.5                       3.0
valid_2025_12    31  5861.933090 -12359.014911          2               6  10135.517405   0.624897                   10.0                      10.0

worst_profit_days
         fold       date        profit  oracle_profit  profit_ratio_day  charge_start  discharge_start  oracle_charge_start  oracle_discharge_start  charge_start_gap  discharge_start_gap  selected_charge_true_mean  selected_discharge_true_mean  oracle_charge_true_mean  oracle_discharge_true_mean  predicted_spread
valid_2025_12 2025-12-12 -12359.014911    9467.732828         -1.305383            53               71                   34                      51                19                   20                   2.519639                      0.974762                 1.336172                    2.519639          4.687064
valid_2025_10 2025-10-08  -5933.239827   17107.041567         -0.346830            55               88                   30                      47                25                   41                   2.220988                      1.479333                 1.347995                    3.486375          5.501197
valid_2025_10 2025-10-10  -3228.143763   24860.303506         -0.129851            47               68                   25                      63                22                    5                   2.862371                      2.458853                 1.680948                    4.788486          9.599877
valid_2025_09 2025-09-23  -2141.228310    6171.437931         -0.346958            38               79                   60                      83               -22                   -4                   0.979483                      0.711830                -0.027786                    0.743643          7.316369
valid_2025_10 2025-10-09  -1461.072237   11716.462536         -0.124703            19               70                   64                      88               -45                  -18                   4.478562                      4.295928                 3.390200                    4.854758         14.198143
valid_2025_12 2025-12-18  -1199.064821    4304.280762         -0.278575            56               71                    0                      11                56                   60                   0.046012                     -0.103871                 0.077838                    0.615873          2.779808
valid_2025_10 2025-10-18   -432.665210    3072.183862         -0.140833            52               62                    0                      14                52                   48                   1.577955                      1.523872                 2.701317                    3.085340          4.274607
valid_2025_10 2025-10-23   -292.939798    6028.104855         -0.048596            50               70                   55                      63                -5                    7                   1.557308                      1.520691                 1.287937                    2.041450         13.042785
valid_2025_10 2025-10-22   -223.503395   18265.779445         -0.012236            52               67                    5                      39                47                   28                   1.746568                      1.718630                 1.339271                    3.622493          9.905138
valid_2025_09 2025-09-22     31.813618    2920.585608          0.010893            46               70                    0                      25                46                   45                   0.831131                      0.835107                 0.739667                    1.104740          9.094461
valid_2025_11 2025-11-25     38.004549    1565.230024          0.024280            58               84                   50                      76                 8                    8                  -0.159068                     -0.154318                -0.159068                    0.036586          2.350414
valid_2025_10 2025-10-16    480.500166    4568.566034          0.105175            54               66                   39                      61                15                    5                   1.221660                      1.281723                 0.742863                    1.313934          2.454956
valid_2025_11 2025-11-06    485.485360     922.594933          0.526217            50               67                   51                      64                -1                    3                   0.914642                      0.975327                 0.910665                    1.025989          2.167824
valid_2025_12 2025-12-06    555.163547    1382.263542          0.401634            56               69                   35                      88                21                  -19                  -0.159068                     -0.089673                -0.159068                    0.013715          3.327042
valid_2025_10 2025-10-15    608.416363   14486.121156          0.042000             0               66                   11                      23               -11                   43                   2.844155                      2.920207                 2.727448                    4.538213         12.923968

largest_loss_to_oracle_days
         fold       date        profit  oracle_profit  profit_ratio_day  charge_start  discharge_start  oracle_charge_start  oracle_discharge_start  charge_start_gap  discharge_start_gap  selected_charge_true_mean  selected_discharge_true_mean  oracle_charge_true_mean  oracle_discharge_true_mean  predicted_spread  profit_loss_to_oracle
valid_2025_10 2025-10-10  -3228.143763   24860.303506         -0.129851            47               68                   25                      63                22                    5                   2.862371                      2.458853                 1.680948                    4.788486          9.599877           28088.447269
valid_2025_12 2025-12-30   7603.454791   31559.109426          0.240927            50               69                   50                      82                 0                  -13                   0.389717                      1.340149                 0.389717                    4.334606         10.945236           23955.654635
valid_2025_12 2025-12-11   1983.785894   25769.030882          0.076983            52               65                    6                      85                46                  -20                   1.470982                      1.718955                 1.121430                    4.342559          3.126864           23785.244988
valid_2025_10 2025-10-08  -5933.239827   17107.041567         -0.346830            55               88                   30                      47                25                   41                   2.220988                      1.479333                 1.347995                    3.486375          5.501197           23040.281393
valid_2025_12 2025-12-12 -12359.014911    9467.732828         -1.305383            53               71                   34                      51                19                   20                   2.519639                      0.974762                 1.336172                    2.519639          4.687064           21826.747739
valid_2025_12 2025-12-31   3308.616311   22576.101613          0.146554            51               68                    0                      10                51                   58                   2.115606                      2.529183                 2.258767                    5.080780          8.929237           19267.485302
valid_2025_10 2025-10-22   -223.503395   18265.779445         -0.012236            52               67                    5                      39                47                   28                   1.746568                      1.718630                 1.339271                    3.622493          9.905138           18489.282839
valid_2025_09 2025-09-26   4899.297229   21780.630718          0.224938            49               67                    0                      15                49                   52                   0.974292                      1.586704                 1.511416                    4.233995          9.132152           16881.333489
valid_2025_09 2025-09-07   8335.168014   24814.622331          0.335897            53               85                   46                      72                 7                   13                  -0.095441                      0.946455                -0.095441                    3.006387         17.331790           16479.454317
valid_2025_10 2025-10-15    608.416363   14486.121156          0.042000             0               66                   11                      23               -11                   43                   2.844155                      2.920207                 2.727448                    4.538213         12.923968           13877.704793
valid_2025_10 2025-10-05  14366.463775   27690.118497          0.518830            32               68                   16                      75                16                   -7                   1.612454                      3.408262                 1.053294                    4.514559          7.869211           13323.654722
valid_2025_10 2025-10-09  -1461.072237   11716.462536         -0.124703            19               70                   64                      88               -45                  -18                   4.478562                      4.295928                 3.390200                    4.854758         14.198143           13177.534773
valid_2025_09 2025-09-25   1093.395887   14059.039236          0.077772            54               67                   15                      62                39                    5                   2.353015                      2.489689                 1.083850                    2.841230          6.444286           12965.643349
valid_2025_10 2025-10-14  11385.546821   23334.185144          0.487934             6               70                   45                      82               -39                  -12                   0.175441                      1.598634                -0.156942                    2.759831          5.369075           11948.638323
valid_2025_09 2025-09-14  26917.349800   37794.009163          0.712212            37               70                   55                      69               -18                    1                   1.260236                      4.624905                 0.061710                    4.785961         12.405085           10876.659363

start_hour_distribution_selected
    charge_hour  discharge_hour
0             5               0
1             1               0
2             1               0
3             1               0
4             1               0
5             1               2
8             3               0
9             5               0
10            2               0
11           10               0
12           43               0
13           36               0
14           10               0
15            1               1
16            0              15
17            0              60
18            0              13
19            0               7
21            0              12
22            0              10

start_hour_distribution_oracle
    oracle_charge_hour  oracle_discharge_hour
0                   11                      0
1                    4                      0
2                    1                      2
3                    2                      2
4                    3                      1
5                    1                      3
6                    1                      1
7                    3                      1
8                   10                      0
9                   15                      2
10                   9                      0
11                  13                      1
12                  19                      1
13                  20                      0
14                   6                      0
15                   1                      6
16                   1                     27
17                   0                     22
18                   0                     16
19                   0                      6
20                   0                     10
21                   0                      9
22                   0                     10